'ADANIENT', 'AMARAJABAT', 'ASHOKLEY', 'BAJFINANCE', 'BHARATFORG', 'CIPLA', 'COALINDIA', 'COROMANDEL','EDELWIESS', 'GAIL', 'HDFCBANK', 'HINDPETRO', 'IDEA', 'INDIANB', 'IOC', 'ITC', 'JSWSTEEL', 'JUBILANT','LT', 'M&M', 'MINDTREE', 'MOTILALOFS', 'NMDC', 'RELAXO', 'SBIN', 'SHREECEM', 'TATASTEEL', 'TCS', 'TITAN,'WIPRO'0.121,0.154,0.096,0.248,0.131,0.052,0.02,0.123,0.075,0.167,0.168,0.276,0.024,0.029,0.222,0.069,0.684,0.116,0.07,0.129,0.128,0.109,0.01,0.26,0.042,0.142,0.046,0.131,0.14,0.13410.288,1.67,2.7,2.225,2.133,1.159,1.496,1.566,2.591,1.428,1.489,1.637,1.732,3.089,1.102,0.917,2.775,1.985,2.456,1.701,1.089,2.14,2.409,1.359,2.833,1.509,3.092,0.659,1.819,0.6141.67,5.149,1.791,1.75,1.379,0.55,0.886,1.076,1.509,0.643,0.94,0.711,0.938,1.726,0.477,0.544,1.525,1.258,1.211,1.183,0.633,1.709,1.207,0.911,1.488,0.913,1.836,0.328,1.236,0.3422.7,1.791,7.193,2.305,2.52,0.896,1.419,1.365,2.521,1.162,1.287,1.832,1.761,2.583,1.253,0.686,2.512,2.02,2.371,2.024,0.842,2.332,2.162,1.468,2.655,1.263,2.755,0.531,1.653,0.5092.225,1.75,2.305,6.348,1.583,0.634,1.313,1.336,2.212,0.419,1.047,0.914,1.216,2.163,0.462,0.569,1.34,1.472,1.472,1.287,0.928,2.162,1.628,1.206,2.024,1.272,2.021,0.556,1.526,0.1212.133,1.379,2.52,1.583,14.612,0.857,1.65,1.097,1.973,22.197,10.358,29.536,1.304,2.036,25.466,5.478,70.758,1.825,6.629,10.572,0.817,1.524,2.316,1.263,1.929,1.032,2.736,0.686,1.413,14.9321.159,0.55,0.896,0.634,0.857,2.806,0.614,0.428,0.978,0.731,0.592,0.732,0.885,0.801,0.668,0.589,1.013,0.94,0.867,0.786,0.656,0.58,0.906,0.491,0.953,0.537,1.059,0.539,0.646,0.5711.496,0.886,1.419,1.313,1.65,0.614,6.519,0.786,1.287,0.794,0.983,0.898,0.982,1.272,0.681,0.735,1.676,1.207,1.153,0.896,0.962,0.838,1.236,1.057,1.305,0.955,1.55,1.014,1.147,0.8431.566,1.076,1.365,1.336,1.097,0.428,0.786,4.772,1.458,0.608,0.502,0.687,0.832,1.402,0.409,0.457,1.075,0.953,1.046,0.822,0.801,1.338,1.049,0.799,1.226,0.779,1.391,0.327,0.959,0.2812.591,1.509,2.521,2.212,1.973,0.978,1.287,1.458,9.272,1.222,1.245,1.56,1.505,2.675,1.258,0.806,2.106,1.839,2.037,1.516,0.921,2.711,2.192,1.428,2.205,1.405,2.463,0.612,1.586,0.5511.428,0.643,1.162,0.419,22.197,0.731,0.794,0.608,1.222,55.269,21.772,70.462,0.956,1.348,62.205,11.6,172.573,1.111,12.118,23.405,0.211,0.947,2.327,0.571,1.202,0.661,2.582,1.859,0.85,34.6051.489,0.94,1.287,1.047,10.358,0.592,0.983,0.502,1.245,21.772,20.515,29.096,0.954,1.25,24.905,5.48,69.708,1.33,6.429,10.264,0.275,1.125,1.491,0.757,1.371,0.798,1.758,0.479,1.075,14.7351.637,0.711,1.832,0.914,29.536,0.732,0.898,0.687,1.56,70.462,29.096,99.387,1.389,1.549,83.854,15.185,234.774,1.353,15.845,28.978,-0.004,1.156,3.13,0.703,1.643,0.898,2.833,-0.002,0.968,46.0251.732,0.938,1.761,1.216,1.304,0.885,0.982,0.832,1.505,0.956,0.954,1.389,13.088,2.148,0.722,0.697,1.855,1.213,1.529,1.106,0.806,1.308,1.255,0.797,1.805,1.012,1.813,0.423,0.968,0.5623.089,1.726,2.583,2.163,2.036,0.801,1.272,1.402,2.675,1.348,1.25,1.549,2.148,8.441,1.08,0.744,2.439,1.959,2.047,1.612,0.637,2.367,2.221,1.226,3.61,1.348,2.66,0.39,1.569,0.3581.102,0.477,1.253,0.462,25.466,0.668,0.681,0.409,1.258,62.205,24.905,83.854,0.722,1.08,77.766,13.079,201.45,1.04,13.61,29.492,0.011,0.929,2.484,0.506,1.066,0.688,2.492,4.51,0.684,39.7760.917,0.544,0.686,0.569,5.478,0.589,0.735,0.457,0.806,11.6,5.48,15.185,0.697,0.744,13.079,5.253,35.626,0.75,3.374,5.498,0.277,0.731,1.031,0.486,0.868,0.541,1.211,0.469,0.811,7.9392.775,1.525,2.512,1.34,70.758,1.013,1.676,1.075,2.106,172.573,69.708,234.774,1.855,2.439,201.45,35.626,598.508,1.78,36.93,70.087,0.376,1.671,6.437,1.392,2.26,1.185,7.444,0.436,1.67,113.4361.985,1.258,2.02,1.472,1.825,0.94,1.207,0.953,1.839,1.111,1.33,1.353,1.213,1.959,1.04,0.75,1.78,9.122,1.512,1.242,0.78,1.402,1.727,1.269,1.588,1.01,1.706,0.588,1.229,0.6892.456,1.211,2.371,1.472,6.629,0.867,1.153,1.046,2.037,12.118,6.429,15.845,1.529,2.047,13.61,3.374,36.93,1.512,6.368,6.308,0.649,1.782,2.014,1.008,2.385,1.151,2.623,0.613,1.344,8.1441.701,1.183,2.024,1.287,10.572,0.786,0.896,0.822,1.516,23.405,10.264,28.978,1.106,1.612,29.492,5.498,70.087,1.242,6.308,17.119,0.354,1.336,1.625,0.96,1.541,0.997,2.543,5.013,1.135,14.8021.089,0.633,0.842,0.928,0.817,0.656,0.962,0.801,0.921,0.211,0.275,-0.004,0.806,0.637,0.011,0.277,0.376,0.78,0.649,0.354,5.125,0.624,0.682,0.888,0.798,0.684,0.957,1.139,0.748,0.6622.14,1.709,2.332,2.162,1.524,0.58,0.838,1.338,2.711,0.947,1.125,1.156,1.308,2.367,0.929,0.731,1.671,1.402,1.782,1.336,0.624,7.73,1.601,0.971,1.972,1.091,2.089,0.426,1.312,0.4292.409,1.207,2.162,1.628,2.316,0.906,1.236,1.049,2.192,2.327,1.491,3.13,1.255,2.221,2.484,1.031,6.437,1.727,2.014,1.625,0.682,1.601,6.975,1.11,2.154,1.097,2.814,0.447,1.244,1.3041.359,0.911,1.468,1.206,1.263,0.491,1.057,0.799,1.428,0.571,0.757,0.703,0.797,1.226,0.506,0.486,1.392,1.269,1.008,0.96,0.888,0.971,1.11,7.688,1.082,0.713,1.352,0.35,1.067,0.5032.833,1.488,2.655,2.024,1.929,0.953,1.305,1.226,2.205,1.202,1.371,1.643,1.805,3.61,1.066,0.868,2.26,1.588,2.385,1.541,0.798,1.972,2.154,1.082,5.067,1.324,2.74,0.627,1.485,0.4831.509,0.913,1.263,1.272,1.032,0.537,0.955,0.779,1.405,0.661,0.798,0.898,1.012,1.348,0.688,0.541,1.185,1.01,1.151,0.997,0.684,1.091,1.097,0.713,1.324,3.582,1.428,0.515,1.04,0.4073.092,1.836,2.755,2.021,2.736,1.059,1.55,1.391,2.463,2.582,1.758,2.833,1.813,2.66,2.492,1.211,7.444,1.706,2.623,2.543,0.957,2.089,2.814,1.352,2.74,1.428,6.125,1.165,1.675,1.5930.659,0.328,0.531,0.556,0.686,0.539,1.014,0.327,0.612,1.859,0.479,-0.002,0.423,0.39,4.51,0.469,0.436,0.588,0.613,5.013,1.139,0.426,0.447,0.35,0.627,0.515,1.165,7.458,0.551,1.2411.819,1.236,1.653,1.526,1.413,0.646,1.147,0.959,1.586,0.85,1.075,0.968,0.968,1.569,0.684,0.811,1.67,1.229,1.344,1.135,0.748,1.312,1.244,1.067,1.485,1.04,1.675,0.551,4.864,0.5490.614,0.342,0.509,0.121,14.932,0.571,0.843,0.281,0.551,34.605,14.735,46.025,0.562,0.358,39.776,7.939,113.436,0.689,8.144,14.802,0.662,0.429,1.304,0.503,0.483,0.407,1.593,1.241,0.549,25.5441.45,0.96,1.33,1.46,1.18,0.53,1.07,0.65,1.15,0.78,0.98,1.16,1.24,1.24,0.77,0.74,1.4,0.86,1.07,0.97,0.77,1.12,1.03,0.66,1.31,0.93,1.24,0.46,0.97,0.56